Algo1

0.015674352645874023 0.11064267158508301 0.7790923118591309 6.569898366928101 51.82976818084717
7.058835161157842
7.0415175329530735
8.43275985004973
7.888975641046531

Algo2

0.03124213218688965 0.12496829032897949 0.4373958110809326 1.686680793762207 6.386223316192627
3.9999923686841323
3.500054373229293
3.856188722050005
3.7862666959928486

Algo3

0.014978647232055664 0.03485465049743652 0.0707848072052002 0.11805558204650879 0.2421422004699707
2.3269558296856347
2.030856892695173
1.6678096149117696
2.0510864143177674